Model Metrics
R2: 0.6494754192267805
MSE: 1771751116594.0342
RMSE: 1331071.4167895103
MAE: 979679.69129599
Top 10 Predictions: [5203691.709631777, 7257004.021154758, 3062828.596681714, 4559591.653744241, 3332932.3055978203, 3563080.679189966, 5645466.312199719, 6413979.668736347, 2755831.5481899967, 2668938.660752285]
